031782564
415206378
641205738
625104378
412365078
351702684
258347061
042713685
237145680
625184730
732418560
415327086
317402658
042578136
134562078
152384067
154786032
380641572
427803165
258174630
128506374
417532680
351802647
158207436
254368170
210357468
142705836
218307465
614703852
150726438
381604572
072154368
310675824
250368147
631754820
732814650
352601784
315768042
257341680
014673852
420765183
427106835
352601784
635208147
541208367
380641572
350471268
231508467
142705836
834612057
240615738
134205678
324601578
610724358
372604815
451623078
431675028
034617852
352104678
640152378
312847056
318605724
127358064
142865730
345681720
453762180
152384067
312608475
320481675
150348267
018354672
632147850
257108364
382604751
631754820
327615084
520168347
280347615
312746058
420316785
371605824
528137460
461732850
610734852
320716548
034528167
312504768
215648037
354718260
215347068
127306845
542308167
345128067
643751082
245638170
310758426
371864052
632807415
148302675
314205768
631785042
514362078
031852647
042318567
310682475
428167530
631725084
258361047
065218437
014762853
635401782
081362547
018427365
421635078
148302675
013482675
324805617
342705618
180652437
031852647
358162047
215308746
013642758
037512468
128364075
358127046
265187430
150827436
250146378
354108267
528137460
460182537
264381075
127438065
612705834
326715048
341807652
538201467
312407856
024138675
650213784
630712548
230485167
634781052
245807136
257183064
326705418
631472580
654218730
145378620
152807346
480132675
571402638
761302845
462518037
450128763
321745680
361705428
124605378
042613758
342615870
254618370
473602815
312468750
257103468
431706582
352408671
631754082
140756382
320481675
372458016
125734086
142563780
612738450
120356478
125804376
631725084
315807264
631458072
170425368
431867052
071245368
064182735
264105378
157824360
257401368
284301675
412305687
372408156
725108436
326715048
257184360
345128067
258403167
462375018
380561472
357421068
124378650
340618725
325706148