530412867
348207651
564218037
710582364
164837052
248175036
351682470
823401675
458607213
568247130
153706842
342657810
320158647
054231687
156708423
674301852
230671845
462157038
042715386
268107435
428531067
280315647
340681275
760123854
063851742
437561082
640712583
457623810
054186327
287106354
143706582
147632580
518206374
436802175
732685041
482735160
450782163
134582670
450721386
548237016
618207435
834621750
721635084
763801542
345671028
013285674
481207356
354107628
058137246
042167358
156278034
063471825
150384276
254308671
371502864
713604852
432718065
426305718
012874356
861402735
548102736
580426137
361475280
321405687
317285460
012853647
016375482
251683740
041368527
426807135
480357126
138457026
640532178
074631852
681302457
630485721
472581360
731504628
438107652
158643270
354721860
218643570
362805174
025684317
014386752
158702463
150362847
518372640
760831452
468152370
760413852
052368741
261508347
123867045
461705238
623718045
730261845
154203768
258406173
614208357
237458160
086152374
452701368
580431627
041652783
371826540
634875012
128567430
357104268
763415028
174652380
146205378
132408675
315704826
635402718
230156478
283507164
640753821
023178645
625318047
610528374
764301825
128735460
254376018
750142368
451702638
861402735
120457836
054237186
123805764
584107236
187506324
320751864
714205638
628701354
548276130
215684073
035826741
340861572
012348765
728315046
023185764
742361085
324187065
857201364
215604378
473605821
564328170
650328741
572168340
328507164
352714860
314568720
163702584
265734810
562738041
728106354
654108273
832651074
028537146
023145786
630174852
270185634
610452387
580237641
420317865
420736518
824613075
658324170
814632750
426305718
284603175
315807426
064351782
028437516
458236170
132674850
631805274
150237486
154327860
245736018
570463182
720164385
572184360
430165782
340721658
364512078
314205876
720645318
810642753
537402618
381547062
763421580
218634075
320754681
450278316
741306582
046731852
025381476
257106483