162304785
432705168
182305647
420635718
325641780
435621078
025348617
632158740
310682754
042187365
431702685
314528670
125603784
425173680
371482065
071342685
425108637
351407682
162345780
632714085
732415068
312607845
315628047
325487610
162358740
432617085
035214678
012375684
025137684
314572068
312508674
632104785
012358674
142683750
162304785
425108637
732415068
351702468
162345780
162345780
340621785
340621785
154702368
127345680
127304685
072415368
324601785
325407681
351428067
025371468
150327684
125764038
472158360
254138670
315628047
150428367
142708356
314572680
341625780
025164738
452108367
172365480
325108467
314572068
425108637
125306748
150624738
314702685
325618074
125468370
631402785
431572680
172358460
310762485
120364785
310682754
325108467
162735048
275104368
125764038
174382065
431672085
325608714
431528670
134602785
250148367
631742085
158327640
425108637
125487360
245108367
425107368
310524678
510342678
314528670
014752368
325618074
350621748
015428367
631752048
712405368
034512678
312508674
062135748
041362785
420138657
125648730
043152678
154602738
125306748
120358467
014632785
125387064
325108467
172365480
420137685
154308627
430172685
472158360
328417650
632104785
425178360
510342678
043152678
015428367
325648017
125487360
432108657
128347650
015724368
312508674
472165380
142763085
431702685
154602738
158327640
025137684
325108467
170324685
125468370
154602738
325648017
015327684
162345780
012375684
351628740
325608714
125378460
430172685
032475168
328401657
430652718
350428617
432705168
425108637
154328067
312704865
120485367
142568370
245108367
431602758
071342685
154328067
325608714
035214678
127345680
341625780
314702685
140762385
350214678
371482065
314602758
425108637
315628047
012384675
632104785
245301678
025371468
162304785
315624780
031482657
314652780
035214678
325618074
162304785
312568047
162358740
012384675
254103678
154702368
245108367
312764850
472165380
072135468
140582367
425138067
312608547
327415680
341682750
420158367