312645078
312645078
312645078
312405678
120345678
120345678
312405678
312645078
142305678
120345678
142305678
312405678
312405678
312645078
312645078
142305678
120345678
312405678
142305678
312405678
142305678
312645078
120345678
142305678
142305678
312405678
312645078
120345678
312405678
312405678
312645078
312405678
312405678
120345678
312645078
312405678
120345678
142305678
142305678
142305678
120345678
312645078
120345678
142305678
120345678
120345678
120345678
312645078
312405678
142305678
312645078
312405678
120345678
312645078
120345678
120345678
120345678
312645078
312645078
142305678
142305678
120345678
312405678
312405678
142305678
142305678
120345678
142305678
120345678
312405678
312405678
120345678
312405678
312405678
120345678
142305678
120345678
142305678
312645078
142305678
312405678
312645078
120345678
312405678
312645078
120345678
312405678
312405678
120345678
312405678
120345678
142305678
142305678
312405678
142305678
312405678
312645078
142305678
312645078
142305678
312645078
312645078
312645078
142305678
120345678
142305678
142305678
312405678
312645078
120345678
120345678
142305678
312645078
312645078
120345678
120345678
142305678
142305678
142305678
312405678
312405678
142305678
120345678
312645078
312645078
312645078
142305678
312405678
142305678
312645078
142305678
312405678
142305678
312645078
142305678
312405678
142305678
312405678
312645078
312645078
142305678
120345678
312405678
142305678
120345678
120345678
312405678
120345678
312405678
312645078
312405678
120345678
312405678
142305678
142305678
312645078
120345678
142305678
120345678
312645078
142305678
312645078
120345678
312405678
312645078
312645078
312405678
120345678
120345678
312645078
120345678
120345678
142305678
312405678
142305678
312645078
312405678
312645078
312645078
142305678
142305678
142305678
312405678
142305678
312645078
312405678
312645078
142305678
312405678
312645078
142305678
312645078
142305678
312405678
312645078
142305678
142305678
120345678
312405678
312645078