031472685
341602785
025148367
325471680
312758460
351472680
312608754
031472685
031472685
312648057
120745368
312758460
325408617
140382657
312508467
014372685
320715468
351602748
172305468
315204678
172305468
432605718
312684750
042165738
312608754
312608754
432615780
031652748
325471680
325408617
125638047
174302685
125634780
031472685
325471068
432615780
312765480
125638047
312758460
042165738
120365748
312765480
320418657
312608754
430152678
325601748
025148367
125704368
325618740
310482657
431502678
325418067
032614785
150328647
120375684
042158367
035421678
430152678
042137685
312487650
025148367
312508467
425138670
120365748
351642078
351472068
142603785
031472685
125704368
315624078
325471068
140752368
432175680
125604738
032715468
315204678
125634780
632105748
312658074
314652078
425103678
341602785
341602785
015328647
042158367
142765038
012358467
351472068
312684750
420175368
312684075
025174368
351602748
012745368
351472680
371402685
341602785
015328647
632105748
125604738
025138647
012358467
310752468
341602785
120375684
142637085
031642785
312684075
312765480
154328670
320614785
632715048
162305748
054132678
012364785
351642078
120375468
172305468
325618740
125408367
351602748
014372685
031642785
430152678
425138670
142508367
632105748
632105748
632105748
235104678
371402685
140632785
432158670
042158367
425103678
431502678
012364785
125704368
312508467
431652078
031652748
125408367
325601748
042138657
431502678
031472685
042158367
425103678
154328670
325618740
312658074
314652078
312684075
312684750
371402685
142508367
025174368
312765480
042165738
042165738
125408367
432605718
632105748
031642785
125408367
012645738
312764085
312487650
315204678
320614785
015328647
140752368
341602785
014372685
312658074
125408367
425138670
120385647
312658074
012348657
350421678
174302685
042158367
425103678
025148367
351472680
015328647
125704368
015328647
432615780
142603785
125408367
350421678
632715048
031642785
235104678
172305468
025138647
310752468
172305468