312604785
312407685
312765048
310472685
125374068
125374680
312407685
325401678
142307685
012365748
312705468
432615078
312705468
150324678
015324678
014352678
142635780
310652748
125348067
125348067
012375468
031452678
025134678
142705368
125374680
042175368
125348067
142605738
312604785
142307685
312458067
312658740
125308647
125348067
125308647
420135678
125348067
012375468
014352678
420135678
310642785
325418670
312407685
325401678
012365748
125348067
150324678
432615078
310652748
142307685
015324678
325418670
310642785
432105678
312408657
150324678
312765048
031452678
310652748
310472685
312407685
312458067
312604785
312658740
125308647
312408657
312604785
150324678
125308647
312765048
320615748
432105678
325418670
310472685
125634078
154302678
310472685
325418670
320615748
142605738
312658740
320615748
150324678
325401678
015324678
432105678
312604785
310642785
312407685
125348067
025134678
310652748
015324678
312407685
125374068
031452678
320615748
025134678
325418670
142605738
012375468
150324678
032615748
320615748
042175368
142307685
432615078
432105678
312705468
031452678
154302678
125348067
012375468
125308647
325401678
312705468
312408657
142705368
032615748
125308647
312604785
142307685
325418670
310642785
312407685
310642785
142308657
012365748
125348067
310642785
025134678
312658740
325401678
042175368
142635780
432105678
312604785
125374680
320615748
420135678
015324678
312765048
420135678
142605738
012365748
015324678
125374680
312765048
125634078
125348067
312604785
015324678
042175368
012365748
312604785
125374068
310652748
312408657
432615078
310472685
125308647
312407685
031452678
125374680
125348067
025134678
312604785
125308647
125308647
125348067
032615748
325401678
015324678
125348067
325418670
125308647
310642785
012375468
142605738
140372685
310642785
142635780
125308647
125308647
012375468
012365748
325418670
312604785
310642785
012365748
125348067
312658740
312408657
310642785
312408657
312658740
042175368
142307685
312458067
150324678