640372815
058241637
287145360
032845167
315408726
150864327
528167034
614205378
610243785
741638052
638251740
150624873
317428065
561724038
275806134
325617048
613725048
018326475
028175364
712365840
128407653
725108364
725638140
371824650
361408725
345102678
082364751
053762148
172368540
632487015
650234781
275603184
650243718
531208647
631258470
286105437
082475136
213685074
510328746
210384657
361402587
713482650
156408327
635827041
256108734
275108634
625378014
280457136
038654721
548207136
057241368
082435167
485127036
453608217
735428160
634705812
483502671
150342687
752104368
061735824
253108467
421375068
420318567
372104685
082164735
215348076
430651278
310784526
531806472
432857061
146702358
615342780
548207136
124508376
321605847
318275640
147205638
051378264
512708346
031258746
241385670
410652378
173204685
320758146
631502874
176402385
432807651
012465783
154687023
245306718
710342856
047125386
716432085
714608352
058317264
415602738
265408317
735218046
028316745
357621084
432805176
125834067
482605317
365104782
285104376
325807614
246135078
381702645
285301647
250187643
032465187
032874165
248501367
042713568
028416375
341702658
462758031
714306852
620458173
175208364
574318026
028136475
163482075
132875640
412706835
153274680
462718530
231508674
145308726
367801452
532478160
214635780
048157362
264175038
082435167
264315078
145302768
071482356
750248136
257148630
028156374
175603824
158206347
158203467
357201468
410782365
071536482
653401728
325104768
641235078
348621750
642801375
285304167
326701548
035672481
012435768
073462815
127306458
310425768
731502684
284137065
745263180
124387560
142308765
146305728
370851426
310654278
021634785
528301647
763841052
310428675
642703851
762308451
148652037
243508167
514208376
018523647
714632580
164732580
250147638
014527368
762105834
275486130
062437185
453801672
730421865
128507634
352618470
425801367
523108647
032485761
520417386
280451637
631708542
681302745
548203167
624705831
712305486
287105346
263105748