045182367
140378652
328501674
362415780
415308627
182465370
143672085
142806735
435628170
328507416
460321785
154728036
187304652
428107356
431862075
132605478
046152738
015627834
031562478
472301685
247105368
423518670
642105378
630742815
162734850
025148736
431657082
714528360
315602478
612375048
432675810
048123657
012765438
612375048
125803674
470652138
210435678
310572486
182374650
314608725
420637815
247105368
120376485
740182365
031842675
054163782
125603847
142675083
614702835
350624781
610732458
315607824
428153067
240165378
245106378
162508374
123645078
162475038
540162738
430612578
340812657
425763180
324608751
521308467
631405728
735421068
461325780
128364750
127604835
380521467
310862457
420615783
512308647
031762854
428165037
541632780
731602485
425317680
342605781
371205468
357421680
452106378
058142367
432706185
158462037
124386750
532108674
162508374
315608742
415328670
165304728
382105467
012465378
235408167
128637045
325708164
215438067
631782054
245608137
431862075
412365780
031462875
024315678
014258367
045128376
031742865
057412368
431852670
452108673
714602385
142653087
127604835
265108437
061732458
425763180
152408637
012387546
631872045
152307486
245187036
324765018
072458136
615428037
420178356
458102637
632745810
245107386
132605478
452107386
041368752
032468517
432701865
012547386
124365078
342701685
380521467
031625784
031762854
245187036
412306785
258147036
612735084
258301467
143672085
284105367
452108673
147502368
631872045
631528074
415308627
174358620
231645078
428153067
251374680
327641850
614382075
314607852
043182657
317502468
310674852
128435067
435627081
312754680
127645830
381652740
630741852
380621754
631425078
250174683
025167348
157382064
731602485
180325467
534702168
032674815
472635180
450218367
258137064
430781652
074162835
126704385
041325678
642358710
062184375
310648752
342605781
430612857
031645728
142675083
128357046
182635470
034681752
631405728
324701865
025187436
062138754
258147036
425368170
127385460
017362485