042178356
371602845
158402367
450231678
128357460
120648537
428103657
042168537
310672845
320475168
341702865
128547360
425106738
371602845
125648073
162405378
631482750
371642850
128307645
164702385
061432785
614502738
324761085
014358627
251304678
312604857
140632578
327405618
254107368
614732085
430215678
325718046
184352670
341702865
510362748
170352684
128354067
312578064
240315678
310574682
162308754
425613780
152308674
312867450
032645178
612435078
612435078
124306785
162384750
062145378
732165480
310642857
314702568
130624785
250164738
425107683
125607834
032817465
127634085
310642578
250137684
312805647
571302468
314802657
620134785
731502468
310682547
125708346
312687540
018324657
182405367
128347065
128354067
312675840
612435780
042631785
315248067
215403678
128504367
630421785
350641782
042631785
425106738
324615078
542138670
620415738
453128670
432681750
125607834
631742850
034162785
140358627
312476085
235148067
632714850
328601754
320685714
320645781
154628730
240153678
031762485
254108637
025418637
312584670
630142785
425106738
142507386
314605782
324761085
432618570
012358746
312706854
482107365
240185367
032675418
314605782
631702845
428157360
012635784
315248067
235187640
452168370
140632578
631702845
631702845
631742850
025187364
134762085
312705684
610432785
015628437
372405681
350628714
245318067
625103748
631482075
381452067
150634782
025368714
314702568
174308652
015327468
142507386
340681752
625138740
125607834
031582467
350218647
145623078
412503678
320465718
341608752
025187364
427103685
054128367
631742850
150384627
420163785
128347065
182635047
472108356
512304678
162405378
532418067
034621785
732415680
125807364
631702845
435208617
124306785
120465378
054128367
125807364
712458360
031682754
350481627
047152368
254108637
170352684
631482750
028341657
425308167
310642857
731502468
428157360
017324685
245187360
435208617
024361785
025168437
710452368
631702458
310872465
310285647
450231678
265104738
251304678
420175683
432681075
054128367