042135678
125304678
125304678
142358670
312475680
125304678
142358670
140352678
142635078
142635078
312605748
310452678
125348670
312645780
312605748
125348670
312605748
142635078
142635078
312605748
125304678
142375068
125304678
312645780
142635078
125304678
125304678
125348670
312605748
142358670
142635078
125304678
320415678
042135678
312605748
310452678
140352678
142375680
140352678
125348670
312645780
125304678
125348670
312605748
042135678
312645780
125348670
032415678
140352678
312645780
312605748
312605748
032415678
142375068
310452678
312645780
142358670
312645780
140352678
142375680
142635078
310452678
312605748
142635078
142635078
042135678
125348670
142635078
142375680
032415678
312605748
042135678
125304678
125304678
125348670
312605748
312605748
125348670
125348670
312605748
312645780
125304678
312605748
032415678
125348670
312645780
312458670
320415678
312475680
142375680
312645780
032415678
312605748
312475680
125304678
310452678
125348670
140352678
312475068
142375068
142635078
312605748
125348670
320415678
142635078
125348670
125348670
125348670
320415678
142635078
042135678
312605748
312645780
142375068
310452678
142635078
312475068
042135678
312645780
125348670
125304678
125348670
142358670
032415678
032415678
312605748
125304678
140352678
310452678
142375680
312645780
142375068
310452678
312605748
312645780
125304678
142375068
125304678
312605748
142358670
142375680
310452678
125304678
140352678
042135678
125304678
042135678
142375068
142635078
125304678
312645780
142375680
032415678
125304678
310452678
142635078
032415678
312475680
320415678
032415678
310452678
310452678
125304678
312645780
310452678
125304678
312645780
142375068
312475680
125348670
142358670
125304678
125348670
312475068
042135678
312605748
042135678
312645780
125348670
125304678
312458670
142375680
312605748
312475680
125348670
312475680
142635078
312605748
320415678
320415678
312475680
312475680
312475068
125348670
312475068
142635078
125348670
142358670
312645780
312605748